,Predicted No,Predicted Yes
Actual No,871,164
Actual Yes,140,234
